{
  "with_other": {
    "nll": 3.9005995829520947,
    "ppl": 49.432078853663846
  },
  "less_repeats": {
    "nll": 4.396853603405899,
    "ppl": 81.19499468082218
  },
  "less_repeats_11": {
    "nll": 4.2375677558813205,
    "ppl": 69.23924013486567,
    'BLEU-1': 0.07998849981551605,
    'BLEU-2': 0.03141980465319582,
    'BLEU-3': 0.022454671369034153,
    'BLEU-4': 0.0033760706991194976,
    'ROUGE_L': 0.09792016111070466,
    'Meteor': 0.09491908920990487
  }
}
