{
  "with_other": {
    "nll": 3.1888445228588234,
    "ppl": 24.26037892821852
  },
  "less_repeats": {
    "nll": 3.544663238713353,
    "ppl": 34.62802200124703
  },
  "less_repeats_11": {
    "nll": 3.4723562319074897,
    "ppl": 32.21255334165728,
    'BLEU-1': 0.053544029759690574,
    'BLEU-2': 0.009877705328716747,
    'BLEU-3': 0.0017437791017069191,
    'BLEU-4': 9.549043338429153e-05,
    'ROUGE_L': 0.060674653712500845,
    'Meteor': 0.06921453301852959
  }
}
